0.245343 0.474103
0.949217 0.204668
0.541072 0.173527
0.204979 0.931297
0.466746 0.805012
0.379750 0.545922
0.010012 0.705778
0.279530 0.469631
0.924905 0.970178
0.713672 0.105121
0.677371 0.189294
0.965358 0.589729
0.696835 0.834925
0.543916 0.658002
0.572176 0.453872
0.406629 0.707968
0.093114 0.921471
0.053519 0.326373
0.457015 0.492554
0.770634 0.595563
0.536255 0.283529
0.825716 0.478292
0.832789 0.121053
0.604671 0.456641
0.634215 0.400741
0.518109 0.387358
0.929608 0.713647
0.004262 0.228309
0.843564 0.518735
0.107941 0.889369
0.703362 0.066336
0.924738 0.965971
0.366838 0.110578
0.665507 0.524634
0.107498 0.688041
0.218237 0.427214
0.178626 0.385409
0.862736 0.904231
0.159541 0.070616
0.228127 0.217503
0.324906 0.020035
0.673970 0.288478
0.571881 0.738470
0.022897 0.110998
0.890164 0.539267
0.975973 0.615907
0.966359 0.128568
0.601547 0.409757
0.276837 0.020785
0.004208 0.471021
0.942194 0.601597
0.652502 0.454612
0.691597 0.050299
0.872401 0.729109
0.516765 0.135079
0.698089 0.651004
0.983019 0.102810
0.612432 0.866410
0.708791 0.499212
0.706599 0.623039
0.225158 0.775724
0.441583 0.173903
0.283439 0.966213
0.503979 0.359080
0.691566 0.549625
0.214173 0.363000
0.928890 0.853962
0.567168 0.462117
0.114290 0.002475
0.264609 0.301428
0.383887 0.454704
0.031119 0.868228
0.372359 0.653025
0.098891 0.867581
0.285812 0.149612
0.991545 0.646397
0.004328 0.859220
0.641593 0.161626
0.758810 0.759980
0.435397 0.742969
0.189367 0.447374
0.995361 0.561632
0.011495 0.435832
0.381133 0.784034
0.091463 0.997907
0.919950 0.363022
0.463770 0.632723
0.060788 0.299008
0.711247 0.963414
0.487841 0.989609
0.172294 0.977523
0.225888 0.978705
0.639978 0.044849
0.623457 0.014521
0.574121 0.073955
0.909234 0.831170
0.360228 0.501616
0.483023 0.479265
0.818053 0.548673
0.224590 0.348562
0.987777 0.321332
0.882089 0.249247
0.203227 0.888660
0.036302 0.048365
0.599276 0.425056
0.227760 0.393998
0.494473 0.870734
0.580891 0.002211
0.540187 0.333759
0.662646 0.830406
0.133970 0.633929
0.372629 0.215590
0.357540 0.971820
0.377584 0.717232
0.618745 0.695547
0.975153 0.971733
0.252046 0.533324
0.300149 0.339182
0.563522 0.461649
0.471139 0.502954
0.194077 0.586949
0.615991 0.468832
0.218478 0.032784
0.712057 0.602722
0.098069 0.845218
0.830029 0.444668
0.461415 0.355712
0.680056 0.041745
0.699859 0.273906
0.324525 0.453544
0.533900 0.021930
0.543998 0.901364
0.031499 0.467365
0.621090 0.755821
0.040881 0.263758
0.241680 0.187513
0.638068 0.465579
0.803626 0.841474
0.983340 0.948789
0.670264 0.338547
0.931032 0.438689
0.809257 0.755456
0.843479 0.623456
0.816961 0.490204
0.322659 0.914815
0.544270 0.080589
0.992001 0.906531
0.411989 0.610997
0.036036 0.476915
0.032099 0.316267
0.937001 0.783306
0.935842 0.871305
0.735218 0.104487
0.050387 0.641258
0.183999 0.601259
0.062896 0.859448
0.370035 0.585896
0.964145 0.298878
0.726658 0.817977
0.873392 0.508035
0.880091 0.677085
0.712061 0.092822
0.437697 0.802116
0.415815 0.843847
0.652488 0.932479
0.152967 0.731931
0.879554 0.238182
0.451713 0.924562
0.877801 0.383845
0.229510 0.012187
0.304311 0.935918
0.464980 0.575581
0.198842 0.492895
0.656055 0.074197
0.862429 0.095072
0.267633 0.790250
0.296742 0.053412
0.087848 0.224464
0.289804 0.326324
0.784119 0.906747
0.308871 0.968683
0.978471 0.058725
0.592698 0.979171
0.846181 0.924936
0.223155 0.080021
0.582629 0.875625
0.500057 0.577527
0.080312 0.576442
0.643288 0.472147
0.811280 0.619022
0.702758 0.413840
0.219837 0.011248
0.569391 0.931228
0.896169 0.837198
0.149319 0.602490
0.423637 0.214093
0.088648 0.481341
0.070765 0.397258
0.917586 0.143269
0.433570 0.513940
0.120443 0.175153
0.724656 0.942994
0.431949 0.795701
0.652596 0.799812
0.610528 0.564588
0.738425 0.334509
0.045609 0.815004
0.475656 0.306267
0.818770 0.527270
0.956033 0.557861
0.257424 0.850465
0.455323 0.081788
0.594985 0.374526
0.001752 0.843030
0.082869 0.557005
0.134271 0.503392
0.787403 0.416717
0.898667 0.978472
0.348642 0.720730
0.626573 0.450705
0.178301 0.411694
0.195790 0.060554
0.930450 0.949232
0.279878 0.002820
0.591319 0.572146
0.560802 0.166143
0.203496 0.227436
0.000489 0.771191
0.065006 0.057638
0.045474 0.686630
0.225207 0.889764
0.073377 0.231864
0.237114 0.127098
0.480783 0.311683
0.419737 0.809403
0.559156 0.670308
0.334184 0.377558
0.708754 0.900987
0.783760 0.855453
0.600058 0.602147
0.410944 0.744912
0.608075 0.732277
0.883112 0.918745
0.216932 0.783059
0.734057 0.192479
0.120494 0.863930
0.159779 0.057102
0.429313 0.171127
0.454751 0.263162
0.735051 0.600397
0.318791 0.560822
0.780562 0.454934
0.964854 0.920958
0.137158 0.298768
0.814541 0.989181
0.600149 0.010661
0.580775 0.357634
0.979570 0.004742
0.706062 0.478713
0.585072 0.401491
0.449958 0.690320
0.982275 0.656277
0.400784 0.874070
0.532469 0.782593
0.824340 0.725823
0.818331 0.843221
0.056325 0.482229
0.305444 0.824959
0.095340 0.217426
0.492686 0.361185
0.659822 0.500835
0.364139 0.021386
0.234926 0.289968
0.171009 0.047951
0.054351 0.421455
0.444079 0.487879
0.537265 0.958972
0.665568 0.640696
0.431957 0.958534
0.213836 0.623764
0.805519 0.919616
0.035175 0.642300
0.062832 0.304821
0.994026 0.243774
0.378288 0.031319
0.006248 0.435043
0.280166 0.764057
0.869678 0.045410
0.640249 0.173721
0.171997 0.129951
0.990210 0.061706
0.778011 0.524849
0.911524 0.399855
0.176790 0.890076
0.227070 0.884495
0.403635 0.704674
0.860296 0.562268
0.342714 0.716006
0.521784 0.449573
0.963232 0.286725
0.833210 0.837889
0.445366 0.931868
0.105183 0.154037
0.211718 0.093328
0.748095 0.827430
0.595907 0.860115
0.214103 0.605636
0.251945 0.910205
0.443533 0.155073
0.436411 0.423373
0.020445 0.585408
0.979954 0.094338
0.629805 0.744263
0.105535 0.661638
0.952639 0.743057
0.247825 0.560063
0.835751 0.195356
0.681553 0.403095
0.429032 0.075827
0.076140 0.006684
0.996071 0.940923
0.059764 0.576841
0.272736 0.491675
0.498110 0.500879
0.573594 0.104477
0.471333 0.905802
0.327456 0.007505
0.867376 0.777194
0.361063 0.238419
0.100570 0.968116
0.043851 0.383264
0.711531 0.869887
0.356941 0.366974
0.507697 0.865265
0.055933 0.242667
0.463387 0.939421
0.359796 0.009898
0.814126 0.985243
0.017063 0.981329
0.652017 0.406873
0.175779 0.112742
0.857276 0.599031
0.215045 0.013112
0.385615 0.759549
0.583731 0.059456
0.771973 0.278674
0.735876 0.155424
0.208182 0.641088
0.452453 0.193105
0.705445 0.375224
0.195673 0.204300
0.662101 0.089325
0.654662 0.520488
0.622966 0.044851
0.310295 0.000006
0.138598 0.035205
0.672180 0.526434
0.411160 0.561380
0.822220 0.533972
0.848147 0.426028
0.036872 0.273563
0.736008 0.903559
0.554183 0.897823
0.992841 0.586297
0.001863 0.213287
0.362584 0.855314
0.609111 0.125298
0.472753 0.679467
0.087588 0.383834
0.893558 0.107303
0.985906 0.227828
0.708331 0.383855
0.397172 0.921081
0.133486 0.098014
0.130572 0.974564
0.410845 0.146012
0.845703 0.057973
0.535929 0.582723
0.192255 0.217628
0.382937 0.624829
0.697909 0.038304
0.440426 0.168570
0.003694 0.813379
0.681276 0.189653
0.058782 0.620651
0.056357 0.304040
0.055645 0.440460
0.723379 0.585709
0.211666 0.098243
0.400721 0.461136
0.984777 0.865424
0.170612 0.130092
0.948359 0.010532
0.646863 0.498523
0.344604 0.456705
0.669400 0.051628
0.285745 0.972260
0.591188 0.443915
0.678956 0.997727
0.782698 0.837867
0.213497 0.295807
0.194883 0.184004
0.167538 0.099925
0.693723 0.702505
0.367373 0.332583
0.407678 0.800188
0.363106 0.766466
0.514008 0.536507
0.772648 0.709265
0.730692 0.538409
0.789777 0.907439
0.277791 0.956213
0.052198 0.884644
0.225378 0.651357
0.422030 0.857313
0.954773 0.311716
0.743785 0.702882
0.925602 0.601331
0.313902 0.195425
0.063287 0.768780
0.621057 0.868936
0.859904 0.362041
0.897930 0.420299
0.715891 0.827593
0.162811 0.521954
0.140940 0.807627
0.723359 0.278556
0.179435 0.891623
0.565033 0.332406
0.829173 0.427181
0.653155 0.799216
0.281619 0.749876
0.940262 0.798749
0.527813 0.853049
0.789347 0.334163
0.246082 0.085812
0.598794 0.669381
0.916056 0.941194
0.646234 0.155551
0.788046 0.376227
0.556276 0.665702
0.677650 0.391908
0.340989 0.410939
0.552558 0.793363
0.662204 0.932022
0.531810 0.149147
0.821186 0.486944
0.227346 0.973537
0.993860 0.888135
0.323526 0.066768
0.398787 0.082162
0.912329 0.765567
0.410230 0.410311
0.380291 0.579967
0.110118 0.540187
0.577815 0.322274
0.410420 0.516507
0.592270 0.370169
0.671359 0.243457
0.693414 0.148347
0.691114 0.981567
0.922958 0.261684
0.049097 0.118750
0.359689 0.967850
0.047589 0.558199
0.307349 0.838383
0.915450 0.555086
0.524598 0.524646
0.512840 0.729500
0.144643 0.518698
0.507309 0.284832
0.116736 0.679030
0.879324 0.168829
0.842537 0.077203
0.659230 0.028775
0.177419 0.413847
0.997872 0.332786
0.120112 0.851086
0.029494 0.955958
0.323643 0.613368
0.498291 0.863098
0.026366 0.119762
0.788878 0.259060
0.123938 0.728226
0.826183 0.723181
0.881408 0.395936
0.291668 0.396089
0.219170 0.689670
0.740530 0.245165
0.597356 0.616379
0.498435 0.799180
0.270289 0.686434
0.666554 0.513162
0.085967 0.470708
0.170120 0.101280
0.065095 0.667497
0.548400 0.758558
0.710025 0.356445
0.102946 0.181489
0.366012 0.684011
0.096164 0.693106
0.985526 0.698638
0.923696 0.579858
0.330936 0.433690
0.571803 0.955613
0.991686 0.622332
0.214885 0.082403
0.589166 0.620929
0.508456 0.097989
0.195805 0.216160
0.989361 0.527136
0.304457 0.995936
0.007699 0.786445
0.650018 0.875339
0.783858 0.131881
0.807226 0.186172
0.509287 0.143626
0.766968 0.462366
0.891044 0.894660
0.627948 0.683356
0.177886 0.407450
0.131423 0.273665
0.499584 0.867434
0.013756 0.599341
0.301355 0.332440
0.054876 0.050500
0.761760 0.353978
0.260298 0.054128
0.345080 0.009336
0.830163 0.522414
0.058165 0.332666
0.440867 0.309295
0.556916 0.028756
0.893112 0.221478
0.979020 0.654954
0.364839 0.010145
0.267258 0.164694
0.348279 0.555638
0.791630 0.820346
0.847457 0.149820
0.278768 0.003638
0.565786 0.379437
0.413518 0.378604
0.622977 0.618698
0.990298 0.195086
0.806290 0.550397
0.160766 0.260014
0.483229 0.452328
0.149532 0.249244
0.081130 0.209327
0.791097 0.584462
0.473602 0.141194
0.378889 0.057680
0.704671 0.772866
0.611225 0.750115
0.228496 0.615594
0.869204 0.562726
0.245870 0.876518
0.668005 0.852485
0.778278 0.768905
0.885731 0.251403
0.836119 0.756465
0.292918 0.734661
0.409755 0.632520
0.980992 0.399648
0.040372 0.808454
0.519420 0.219482
0.412217 0.565745
0.059006 0.242631
0.748596 0.312017
0.142684 0.324438
0.791060 0.073925
0.685430 0.496941
0.794583 0.558326
0.441269 0.510081
0.281037 0.118084
0.288139 0.910414
0.259149 0.869947
0.830246 0.262724
0.241161 0.029375
0.142783 0.765397
0.664744 0.250785
0.965316 0.562216
0.263290 0.391588
0.287841 0.511223
0.518521 0.654503
0.067443 0.035557
0.576430 0.505042
0.763721 0.951678
0.910883 0.109679
0.487542 0.847161
0.578784 0.295093
0.820420 0.663238
0.126535 0.190013
0.780747 0.626523
0.079573 0.778589
0.988284 0.569870
0.475096 0.567827
0.809798 0.984083
0.082678 0.451509
0.156395 0.850160
0.798263 0.639175
0.647063 0.416077
0.194112 0.211096
0.053123 0.602564
0.360605 0.458820
0.294746 0.649129
0.985365 0.675756
0.773368 0.944557
0.080975 0.473372
0.492801 0.725400
0.894660 0.016003
0.247023 0.471463
0.311600 0.790859
0.134076 0.379047
0.498129 0.659731
0.793195 0.250742
0.621871 0.975023
0.056242 0.504784
0.232969 0.485101
0.154709 0.777528
0.293856 0.602615
0.230007 0.769336
0.904586 0.364309
0.657430 0.567182
0.486590 0.071967
0.613175 0.666545
0.559766 0.171541
0.388933 0.310655
0.276139 0.401132
0.190066 0.566930
0.557910 0.618367
0.541051 0.768437
0.028508 0.003868
0.965822 0.562472
0.922359 0.529880
0.310838 0.828873
0.812389 0.681748
0.935154 0.157407
0.303836 0.424848
0.004467 0.406629
0.808808 0.320669
0.295037 0.105808
0.138042 0.513160
0.238610 0.107086
0.924683 0.030062
0.420891 0.946738
0.829443 0.473855
0.383812 0.832448
0.067337 0.713058
0.375795 0.037757
0.043262 0.627011
0.644408 0.755341
0.786987 0.305917
0.972236 0.137558
0.437725 0.362771
0.419508 0.335684
0.244246 0.174977
0.655956 0.838525
0.418581 0.940795
0.839573 0.306622
0.709676 0.409427
0.731399 0.399978
0.747935 0.023414
0.623126 0.805289
0.052403 0.998162
0.698312 0.782898
0.089414 0.555771
0.648122 0.074188
0.924849 0.129027
0.719023 0.936917
0.821716 0.856225
0.882511 0.408977
0.600596 0.098706
0.485917 0.640338
0.702549 0.030302
0.568521 0.278428
0.672417 0.571559
0.008660 0.443979
0.215013 0.071482
0.805200 0.792350
0.067513 0.175667
0.090692 0.519623
0.678445 0.262083
0.923739 0.943256
0.086973 0.674388
0.514516 0.463845
0.455759 0.737550
0.300117 0.297553
0.426503 0.201689
0.205324 0.358011
0.839318 0.327406
0.499588 0.062035
0.385445 0.299544
0.892484 0.635213
0.447356 0.036162
0.897552 0.701468
0.721121 0.745673
0.038428 0.554941
0.213003 0.777458
0.171335 0.533035
0.855533 0.409908
0.054457 0.336255
0.297921 0.224727
0.307413 0.973436
0.391451 0.627467
0.073010 0.250256
0.512599 0.891644
0.018605 0.364415
0.144919 0.827414
0.795921 0.222616
0.075328 0.805672
0.715774 0.552503
0.151212 0.404589
0.188194 0.746969
0.791894 0.387946
0.428560 0.648744
0.351269 0.073292
0.036832 0.159934
0.988020 0.402819
0.319686 0.644208
0.915645 0.190988
0.644244 0.578550
0.776575 0.090312
0.687356 0.807048
0.413004 0.790341
0.175772 0.050905
0.491610 0.844785
0.600287 0.036898
0.280182 0.307827
0.430857 0.720749
0.371214 0.053076
0.559894 0.602392
0.300865 0.247232
0.057385 0.056862
0.821258 0.955421
0.834180 0.937572
0.049894 0.266303
0.478741 0.447954
0.842036 0.642409
0.357835 0.422991
0.510249 0.424838
0.053098 0.713902
0.449834 0.551277
0.343100 0.327260
0.319723 0.582496
0.234479 0.334070
0.175476 0.074803
0.995909 0.334853
0.354333 0.184606
0.755120 0.443532
0.971856 0.146102
0.981857 0.335928
0.605493 0.924255
0.098665 0.897939
0.112506 0.912584
0.536504 0.403954
0.557976 0.018948
0.783724 0.957853
0.913216 0.862372
0.364567 0.136923
0.525705 0.090102
0.227329 0.393287
0.358750 0.016455
0.722525 0.787939
0.652399 0.883673
0.207811 0.059272
0.966682 0.049852
0.329155 0.860939
0.534107 0.320183
0.196641 0.243200
0.470381 0.455078
0.998551 0.097364
0.670657 0.612443
0.078752 0.334747
0.153186 0.111187
0.140147 0.029523
0.203057 0.439238
0.030891 0.619140
0.915793 0.871676
0.520263 0.526462
0.643880 0.413267
0.577513 0.244563
0.408888 0.034527
0.929741 0.008104
0.557653 0.331610
0.093762 0.664479
0.813061 0.807675
0.652152 0.253440
0.398302 0.947018
0.275064 0.105639
0.098025 0.133178
0.877157 0.978563
0.960655 0.248283
0.342870 0.862578
0.843180 0.483372
0.453513 0.610312
0.153070 0.487993
0.006065 0.469363
0.951541 0.492292
0.626274 0.931325
0.048183 0.445945
0.447596 0.049386
0.839081 0.535640
0.652720 0.522260
0.418836 0.666488
0.855833 0.393967
0.931495 0.622583
0.441537 0.176988
0.216199 0.658095
0.270198 0.570577
0.550438 0.212657
0.609780 0.716525
0.697125 0.293423
0.760598 0.111423
0.521256 0.821072
0.602160 0.877482
0.157767 0.898170
0.210195 0.083217
0.084245 0.525672
0.767170 0.200833
0.480489 0.766981
0.221029 0.588877
0.941472 0.738870
0.534600 0.096756
0.951098 0.094708
0.912047 0.501961
0.521182 0.857799
0.088953 0.511351
0.053441 0.561291
0.629049 0.484610
0.791829 0.655990
0.183312 0.871001
0.198375 0.058543
0.836101 0.589779
0.207759 0.529843
0.988176 0.230170
0.594171 0.297134
0.707927 0.998537
0.618580 0.963183
0.119795 0.798403
0.715356 0.282028
0.192831 0.693221
0.224243 0.823162
0.242553 0.272327
0.077041 0.894686
0.565659 0.117226
0.907869 0.350818
0.889906 0.648423
0.271762 0.070290
0.740354 0.122204
0.528363 0.959547
0.398424 0.442351
0.475862 0.308288
0.861617 0.753462
0.004823 0.204783
0.099464 0.490616
0.882447 0.504523
0.945221 0.674338
0.274803 0.538154
0.162998 0.760347
0.767954 0.343251
0.586491 0.280330
0.458434 0.709420
0.738137 0.842975
0.149347 0.737301
0.006502 0.803775
0.810465 0.929444
0.284876 0.057601
0.238988 0.054686
0.955508 0.959835
0.292218 0.157497
0.241599 0.339808
0.154208 0.119927
0.243143 0.934599
0.845527 0.126173
0.422858 0.341731
0.588603 0.228376
0.914930 0.766055
0.700659 0.967198
0.791982 0.419144
0.402100 0.661822
0.344608 0.418740
0.300271 0.551404
0.503025 0.431354
0.336811 0.443665
0.761838 0.102822
0.671428 0.906162
0.356599 0.529679
0.315712 0.321928
0.984797 0.638422
0.327699 0.323551
0.064112 0.360296
0.031182 0.218394
0.377194 0.915934
0.033391 0.022537
0.964954 0.357240
0.780423 0.632157
0.299255 0.753141
0.011924 0.478456
0.091151 0.051327
0.754806 0.735853
0.572184 0.699899
0.430393 0.783073
0.724029 0.570794
0.240159 0.152865
0.725655 0.591174
0.242350 0.648498
0.837407 0.759428
0.435043 0.653777
0.047844 0.899213
0.720824 0.918248
0.071859 0.587974
0.844032 0.260358
0.707559 0.185625
0.263627 0.698730
0.134582 0.784591
0.453046 0.495363
0.467966 0.204166
0.302967 0.474422
0.769379 0.860150
0.143753 0.766427
0.761474 0.454992
0.401393 0.820050
0.691315 0.954149
0.054076 0.122329
0.145287 0.241178
0.866128 0.573019
0.130559 0.177023
0.841839 0.869921
0.407171 0.528272
0.463787 0.579402
0.879950 0.374638
0.058585 0.789990
0.840956 0.157672
0.067546 0.376750
0.990819 0.490749
0.090587 0.940343
0.461303 0.214601
0.318758 0.427012
0.511594 0.953190
0.374094 0.284383
0.177286 0.601471
0.635084 0.762855
0.913723 0.759602
0.841840 0.633483
0.194290 0.117411
0.147140 0.160645
0.099450 0.188455
0.807841 0.641405
0.163785 0.594733
0.395704 0.203388
0.135959 0.311162
0.747527 0.839080
0.850492 0.893137
0.871521 0.846905
0.110439 0.731059
0.680216 0.947998
0.336470 0.802412
0.729718 0.352524
0.750591 0.225035
0.110990 0.960516
0.031666 0.154440
0.260885 0.699564
0.705096 0.213590
0.738978 0.725352
0.010456 0.695254
0.950826 0.840905
0.628605 0.235106
0.389091 0.026541
0.443697 0.517968
0.211039 0.414912
0.465749 0.850114
0.874247 0.394150
0.145838 0.107320
0.111931 0.777007
0.578725 0.651325
0.745094 0.135025
0.506613 0.296648
0.700819 0.464153
0.612981 0.305227
0.134288 0.321840
0.326844 0.688047
0.736737 0.455551
0.245519 0.801014
0.152338 0.728753
0.327888 0.336511
0.924082 0.842820
0.210374 0.332632
0.542064 0.951933
0.354271 0.748832
0.977132 0.772936
0.245776 0.489723
0.548684 0.203238
0.539013 0.498038
0.097470 0.777230
0.857532 0.683253
0.212578 0.515342
0.951208 0.004153
0.696340 0.849705
